750
56
412
584
501 503
432 487
709 710
891 903
876 930
330 345
313
256 402
833 835
802
575
970
138 231
387
17
991 8
889
288 338
163 168
896
494 537
124 146
743
73
931
750 783
512 558
551
817 846
939
526
156 157
10 26
659 673
136
474 528
399 419
827
300
754
298
11
800 832
716 726
850
899
461 475
847 861
915 937
297 321
65 76
305
407 414
416
332
778
340
973 12
415 438
38
735 740
609 622
580 599
855
255
247
401 413
198 226
596
567
23
929 960
582 590
236 270
881 912
55 59
128 143
821
921
365 373
324 363
408 409
320
102 123
803
579 585
661 795
290 336
997
998
761
24
125
951
742
406
210
245
289 339
947 953
51 108
979 0
176
614
7
963
4
823
460
784
884 898
874
424 444
15 20
111
769 774
455 482
151 165
367
662 675
607 608
834 838
196
436
615 619
450
81
462
707
808 858
206 214
381
848
230
606
13
905
463
727
613
182 188
93 115
153 195
158 161
763 805
262 263
155 200
753 758
906
48
935
595 651
372 392
287
162 169
40 80
171 172
352
798 892
521 553
91 94
368 383
371 388
286
103
765 770
741
611
348
702
888
706
638
325
644
309
536
34
470 511
228
443 490
446
89
852
95 96
839
178
279
704
174
410 422
133 137
349
840 856
447 458
965 996
634 635
738
257 269
411
148
777
209
215 246
335 337
224 248
105 150
275
552 586
334
506
132
276
42
829
878
734
649
617 620
841 853
598 600
908
391
19
114 118
845
712
431
744 837
982 993
574
807
760 794
45
968 974
669
865
902 916
393
859
493
826
100
74
543 581
629
626
893
347
98
140
2 46
759 789
481 513
665 686
16
452 454
697 705
949 957
382 405
520
867
767
260
92
250 266
514
222
869
350 355
815
467
194
179
225
836
945 980
328
671
776
173 252
199 227
630 631
890
766
646
985 999
562 571
398 403
272
943 952
87
218 223
849
6 18
473
360
566 573
873 885
643 653
910 928
139
550
99 130
361
762 782
820
109
483
154
70
984 49
205
722
978
243 386
129 134
688
711 715
809
351
268
435
677
927 934
785
901 904
941 946
733
364
545 577
894 995
64 68
730
736
316
701 703
189
724
887
812
729
922
880
78
811
721 796
670 714
378
53 54
962
719
440
698 717
747
678
936
797 814
417 466
819
679
244 273
488
301
437 459
369
624 664
311
977 988
484 498
439
923
932 956
90
79 84
660 666
509
557
799
453
843
966
315
212
107
448
914
810 818
404
370
159
578 587
141
994
193
82 85
374
655
700 752
389
816 871
746
170
486
97 104
28
1
192
642
538
544 674
621
213
77
793 806
203
21
860
5
652
645
569
426 434
9
469 471
465 478
603 696
299
518 525
67 101
259 285
657 684
732
283
636 637
251
663
604
713
306 322
961 981
728
925
211
601 628
261
924
650
602
25
464 529
14
43
122
804
681 689
353 375
913
691
317
357
312
647
500
801 825
612 625
333
430
507
190 207
497
343 384
768
145
542 548
489
110
780
164
515
959
627
723
499
532
149
546
181
254
718
27 88
589 618
187
773 781
377
271 280
516
605
964
591
556
341 344
756
423
185 191
258
694
112
144 147
47 61
425
342
668 676
29
441
775
22
237 264
31 44
755
184
672
477
559
531
976
220
745
451
183 204
50
479
938
293
875
240
420
895
695 737
533
71 116
318 327
274
692
267
457
886
708
239
75
616
971
699 749
900
418 427
989
933
356
992
641
308
358
233
380
687
282
303
379
854
565
955
219
278
505
63
862 872
120
492 495
397
623
502
830
594
241
570
764
201
121
52 72
969
517 563
975
879 920
739
540
592
242 249
648
292
658
857 866
396
235
519
720 731
787
667
326
791
126 160
468
202
882 911
751 813
331 359
376 394
421
117 175
522 524
504
166
296
632 633
433
41
354
30 32
868 897
588
572 583
304 307
790
690
987
948
346
842
682
229
576
62
680
167
208
135
323
39
786
851
106
958 967
757
788 883
429
35
983
177
560
216
917
693
656
319
234 238
792
362
142
822
277
60
197
654
549
831
496 523
232
593
400
748
33
597
284
491
564 568
926
37 57
870
480
610
291 295
3
390 428
918 919
472
302
485
186
554
221 253
281
119 131
824 828
986
639
69 86
541
942
152 180
844
442
864
561
456
127
217
909 940
530
772
779
445 449
683 685
990 36
310 395
944
534 547
907
725
329
972
954
539
508
771
877
640
476 527
863
265
113
510 535
555
314
950
294
83
58 66
366 385
