750
504
232
777
381
420
567
748
324 327
698 701
533
3
307 318
778
458 461
209
212
690
433
270 273
830
135
621
548 552
572 573
438 443
710 711
294
312
43
222
559
809
255
664 666
526
730
243 246
765 769
662 665
815
919 927
496 498
354
539
167
531
147 150
726 731
75
908
369
725
266 269
145
532
779
592
648
228
256 257
978
484 487
704
515
254
938
166
279
645
976
583 585
268
27 30
213
921
176
848
958 960
70
989
57 58
45
457
206 207
899
917
955
614
569
249 250
200 204
879 881
191 195
959
387
565
626
140
292
409 410
84 86
502
776
746
812
877
448
604
987
14
188 190
574
48
727
607 608
718
832 833
22
720 721
875
92
159
723
451
546
850
52 53
527 529
859
878
346
171 172
342
891 892
118 119
536
586 587
23
517 518
910 912
81
77
839
964
41
869
436
743
485
734
291 295
906
325
724
793 794
962
29
640
792
309
889
933
677
714 715
59 64
441
238 242
706
593
975
305
189
365 366
747
313
557
223 226
829
129 130
198 199
132
0 2
414 417
173 175
646
183 185
244 248
811
229
616
211
56
932 934
17
404
667
293
948
114 115
203
767
184
570
418 419
389
425
936
163 165
845
628 631
116 117
463
937 940
349
838 841
556
283
675 676
615 618
473
836
644
11
925
509
617 619
298
452 454
741
895
870
391
125
352
126 128
588
688
855
966
73
861 866
178
834 835
507
90
803
860
83
972
681 683
963
671
301
94 95
764
697 699
816 817
276
347
890
403 405
13
983
823
181
916 918
888
790
886
205
623
610
385 388
722
668 670
516
887
655
971
984 988
820
774 781
455 459
31 32
589 590
977 979
120
299
907
345 353
802
745
406
510 511
19
468
647
271 280
434 437
703 705
756
308
633 634
852
754
692
5
398 399
113
306 310
462
464 465
923
208
914
337 338
827
25
71 72
131 133
296
247
396
494 495
323
68 69
605
241
382 383
380
194
460
112
379
846 853
267
562 563
100
654
277
356
967 968
708
480
788 789
439
311
429
284
240
99 101
951
285 288
738
287
486
358
214 215
7
300
545 547
508
864
896
998
446
435
89
320
719
122
630 632
105 108
328
142
278
393
63
335 336
639
21
997
272
865
550
905
922
66 67
302
16
900
442
334
873 876
103
370
564 566
740 744
154
121
326
880
656
372 375
179
252 253
780
700 709
784
825 828
400
378
470 475
949 953
164
595 598
123 124
107
843
430
761
712
650
138 143
259 263
447 449
939
127
483
321 322
390 392
736
85 88
479
262 264
581 582
141
514
534 535
568 571
911 915
87
519
775
424 427
286
847 856
525 528
46 47
373 376
990 991
611
78
6 8
596
15 18
61 65
20 26
192
245
440
220
180 182
368 371
28
210
233
844
733
110
34
768
797 798
613
36 37
444 445
357
467
501 503
111
397
678
4
411
186
680
491
466 471
197
555
506
591
274
360
702
332
543 544
894 897
329
749 750
658
261
926
401 402
54 55
60
950
96 97
187
597
929 930
153 156
684 685
871 872
423
851
782 783
805 806
884 885
759 760
609 612
149
481 482
969
992
201
901 903
422 426
9
1
713
139
751 753
867
944
980 981
673 674
691
576
804
553 558
874
729
161 162
407 408
174
762 763
50
523 524
339 341
800 801
893
679
24
913
982 985
282
106
642
961 965
62
239
330 331
170
822
512 513
842
218 221
230
672
707
657 660
340
275
488
155 157
716 717
144 146
945 946
594
450
577 578
38
560
377
849
98
766
350 355
476 478
472
786
659 661
601 603
489
151 152
752 758
219
500
624 625
561
551
924
627
374
755
202
663
652
251
882 883
315
10 12
941 943
530
225
177
629
795 796
694
367
739
521 522
453
854
599 600
757
813 814
497
728
265
314
499
235
136
687
362
343 344
863
808 810
686 689
584
364
669
819
994
541
236 237
317
947 952
942
537 542
109
490 492
289 290
413 415
316
428 432
134 137
505
956 957
931
770 773
359 363
682
33
771
520
821
579 580
641
818 824
996 999
935
904 909
602
735 737
469 474
857 858
695 696
421
333
831
40 44
540
575
416
791
606
898 902
772
477
649
74
651 653
635 636
361
862 868
42
826
348
258
693
216
148
35
39
973 974
412
196
91 93
319
431
970
102 104
297 304
986
260
638
351
224 227
538
394 395
837 840
303
49 51
217
620 622
168 169
158 160
231 234
456
637 643
732
193
954
785
799
493
549
80 82
281
76 79
384 386
807
993 995
742
787
920 928
554
